#eta	order
0.000000	0.000001
0.250000	0.000792
0.500000	0.003213
0.750000	0.007577
1.000000	0.014443
1.250000	0.022286
1.500000	0.032414
1.750000	0.041823
2.000000	0.057083
2.250000	0.067062
2.500000	0.082248
2.750000	0.088497
3.000000	0.093255
3.250000	0.098122
3.500000	0.098789
3.750000	0.100865
4.000000	0.100497
4.250000	0.096935
4.500000	0.093495
4.750000	0.089608
5.000000	0.083958
5.250000	0.079868
5.500000	0.076236
5.750000	0.074586
6.000000	0.072533
6.250000	0.071063
6.500000	0.071640
6.750000	0.072548
7.000000	0.074469
7.250000	0.075082
7.500000	0.076637
7.750000	0.077626
8.000000	0.077962
8.250000	0.079588
8.500000	0.078943
8.750000	0.079074
9.000000	0.078911
9.250000	0.078558
9.500000	0.077460
9.750000	0.077157
