#eta	order
0.000000	0.000004
0.250000	0.001771
0.500000	0.005100
0.750000	0.010420
1.000000	0.017101
1.250000	0.025351
1.500000	0.036418
1.750000	0.047879
2.000000	0.059956
2.250000	0.070426
2.500000	0.077187
2.750000	0.086791
3.000000	0.090548
3.250000	0.096187
3.500000	0.096952
3.750000	0.099680
4.000000	0.098099
4.250000	0.095678
4.500000	0.094482
4.750000	0.090493
5.000000	0.087525
5.250000	0.081868
5.500000	0.078128
5.750000	0.074668
6.000000	0.072849
6.250000	0.071394
6.500000	0.071920
6.750000	0.072947
7.000000	0.074974
7.250000	0.076617
7.500000	0.078120
7.750000	0.079779
8.000000	0.080755
8.250000	0.080940
8.500000	0.082053
8.750000	0.082000
9.000000	0.081430
9.250000	0.080750
9.500000	0.080436
9.750000	0.079843
