#eta	order
0.000000	0.000002
0.250000	0.001233
0.500000	0.003973
0.750000	0.008242
1.000000	0.014392
1.250000	0.022019
1.500000	0.030231
1.750000	0.041061
2.000000	0.049450
2.250000	0.058352
2.500000	0.067333
2.750000	0.075066
3.000000	0.080928
3.250000	0.086112
3.500000	0.091392
3.750000	0.092978
4.000000	0.095832
4.250000	0.095538
4.500000	0.095045
4.750000	0.093229
5.000000	0.089465
5.250000	0.084894
5.500000	0.080271
5.750000	0.075777
6.000000	0.072989
6.250000	0.072221
6.500000	0.072453
6.750000	0.074166
7.000000	0.075923
7.250000	0.078036
7.500000	0.080541
7.750000	0.081792
8.000000	0.083146
8.250000	0.083810
8.500000	0.084398
8.750000	0.085208
9.000000	0.084942
9.250000	0.083748
9.500000	0.083263
9.750000	0.082005
