#eta	order
0.000000	0.000003
0.250000	0.000799
0.500000	0.003506
0.750000	0.008246
1.000000	0.014370
1.250000	0.022363
1.500000	0.032204
1.750000	0.040626
2.000000	0.050871
2.250000	0.062073
2.500000	0.073306
2.750000	0.082538
3.000000	0.087716
3.250000	0.092834
3.500000	0.098144
3.750000	0.099110
4.000000	0.097849
4.250000	0.098368
4.500000	0.097292
4.750000	0.094822
5.000000	0.090741
5.250000	0.087194
5.500000	0.081001
5.750000	0.076370
6.000000	0.073052
6.250000	0.071717
6.500000	0.072624
6.750000	0.075012
7.000000	0.076983
7.250000	0.079776
7.500000	0.081348
7.750000	0.083360
8.000000	0.085143
8.250000	0.085835
8.500000	0.086320
8.750000	0.086386
9.000000	0.086263
9.250000	0.084829
9.500000	0.084482
9.750000	0.083122
