#eta	order
0.000000	0.000131
0.250000	0.000403
0.500000	0.001381
0.750000	0.002902
1.000000	0.004723
1.250000	0.007062
1.500000	0.010356
1.750000	0.013645
2.000000	0.016510
2.250000	0.019510
2.500000	0.024164
2.750000	0.025282
3.000000	0.026796
3.250000	0.029170
3.500000	0.028209
3.750000	0.028716
4.000000	0.027949
4.250000	0.028061
4.500000	0.028457
4.750000	0.026197
5.000000	0.023307
5.250000	0.022187
5.500000	0.020947
5.750000	0.018913
6.000000	0.015962
6.250000	0.014779
6.500000	0.014853
6.750000	0.016625
7.000000	0.017962
7.250000	0.019546
7.500000	0.020164
7.750000	0.020593
8.000000	0.021664
8.250000	0.021408
8.500000	0.021251
8.750000	0.021490
9.000000	0.021275
9.250000	0.020626
9.500000	0.020327
9.750000	0.019630
