#eta	order
0.000000	0.000004
0.250000	0.000846
0.500000	0.003219
0.750000	0.007743
1.000000	0.013229
1.250000	0.019522
1.500000	0.030002
1.750000	0.037765
2.000000	0.048929
2.250000	0.058432
2.500000	0.067837
2.750000	0.074418
3.000000	0.079573
3.250000	0.083752
3.500000	0.088148
3.750000	0.090386
4.000000	0.089054
4.250000	0.087537
4.500000	0.084509
4.750000	0.081028
5.000000	0.078165
5.250000	0.073394
5.500000	0.068410
5.750000	0.063553
6.000000	0.060254
6.250000	0.058831
6.500000	0.059458
6.750000	0.061187
7.000000	0.063477
7.250000	0.066496
7.500000	0.068450
7.750000	0.070848
8.000000	0.071476
8.250000	0.071961
8.500000	0.072686
8.750000	0.072963
9.000000	0.072195
9.250000	0.071952
9.500000	0.070327
9.750000	0.069622
