#eta	order
0.000000	0.000024
0.250000	0.000748
0.500000	0.002954
0.750000	0.006722
1.000000	0.012031
1.250000	0.019003
1.500000	0.026306
1.750000	0.034133
2.000000	0.043771
2.250000	0.051598
2.500000	0.060310
2.750000	0.065521
3.000000	0.071088
3.250000	0.074148
3.500000	0.076389
3.750000	0.075181
4.000000	0.074742
4.250000	0.072479
4.500000	0.069778
4.750000	0.067054
5.000000	0.063465
5.250000	0.059228
5.500000	0.054933
5.750000	0.050577
6.000000	0.046943
6.250000	0.045494
6.500000	0.046340
6.750000	0.047969
7.000000	0.050259
7.250000	0.052906
7.500000	0.054772
7.750000	0.055926
8.000000	0.057223
8.250000	0.057787
8.500000	0.058092
8.750000	0.058069
9.000000	0.058064
9.250000	0.057147
9.500000	0.056157
9.750000	0.055301
