#eta	order
0.000000	0.000011
0.250000	0.000810
0.500000	0.003410
0.750000	0.007828
1.000000	0.014144
1.250000	0.022016
1.500000	0.031484
1.750000	0.041218
2.000000	0.051528
2.250000	0.063717
2.500000	0.074386
2.750000	0.081174
3.000000	0.087576
3.250000	0.093381
3.500000	0.095895
3.750000	0.098880
4.000000	0.099868
4.250000	0.098392
4.500000	0.096923
4.750000	0.094208
5.000000	0.090456
5.250000	0.086149
5.500000	0.080890
5.750000	0.076396
6.000000	0.073281
6.250000	0.071702
6.500000	0.072619
6.750000	0.074594
7.000000	0.076820
7.250000	0.079645
7.500000	0.081665
7.750000	0.083606
8.000000	0.085323
8.250000	0.086010
8.500000	0.086087
8.750000	0.085905
9.000000	0.086300
9.250000	0.085220
9.500000	0.083969
9.750000	0.082898
