#eta	order
0.000000	0.000122
0.250000	0.000418
0.500000	0.001487
0.750000	0.002820
1.000000	0.005207
1.250000	0.007229
1.500000	0.010790
1.750000	0.014927
2.000000	0.016732
2.250000	0.020996
2.500000	0.023021
2.750000	0.025486
3.000000	0.029053
3.250000	0.029588
3.500000	0.029123
3.750000	0.028974
4.000000	0.029231
4.250000	0.027645
4.500000	0.027611
4.750000	0.024757
5.000000	0.024512
5.250000	0.022764
5.500000	0.020712
5.750000	0.018653
6.000000	0.016024
6.250000	0.014475
6.500000	0.015211
6.750000	0.016537
7.000000	0.018197
7.250000	0.019066
7.500000	0.020578
7.750000	0.020970
8.000000	0.021622
8.250000	0.021361
8.500000	0.021405
8.750000	0.021369
9.000000	0.020757
9.250000	0.020915
9.500000	0.019869
9.750000	0.019445
