#eta	order
0.000000	0.000114
0.250000	0.000427
0.500000	0.001270
0.750000	0.002776
1.000000	0.004911
1.250000	0.007378
1.500000	0.010692
1.750000	0.014475
2.000000	0.017513
2.250000	0.020193
2.500000	0.021413
2.750000	0.025392
3.000000	0.027738
3.250000	0.029027
3.500000	0.030701
3.750000	0.030111
4.000000	0.029504
4.250000	0.027035
4.500000	0.025440
4.750000	0.026060
5.000000	0.024434
5.250000	0.022541
5.500000	0.020872
5.750000	0.018903
6.000000	0.016747
6.250000	0.014338
6.500000	0.015398
6.750000	0.016407
7.000000	0.018201
7.250000	0.019313
7.500000	0.020333
7.750000	0.020645
8.000000	0.021352
8.250000	0.021579
8.500000	0.021027
8.750000	0.021417
9.000000	0.021111
9.250000	0.020112
9.500000	0.019907
9.750000	0.019493
