#eta	order
0.000000	0.000003
0.250000	0.000761
0.500000	0.003316
0.750000	0.007487
1.000000	0.013967
1.250000	0.022296
1.500000	0.031492
1.750000	0.043142
2.000000	0.053588
2.250000	0.066563
2.500000	0.074879
2.750000	0.080800
3.000000	0.086032
3.250000	0.089712
3.500000	0.090417
3.750000	0.088566
4.000000	0.086771
4.250000	0.083944
4.500000	0.079587
4.750000	0.075080
5.000000	0.070579
5.250000	0.066586
5.500000	0.063006
5.750000	0.060859
6.000000	0.059211
6.250000	0.058760
6.500000	0.059230
6.750000	0.059947
7.000000	0.060621
7.250000	0.062187
7.500000	0.063057
7.750000	0.063652
8.000000	0.064488
8.250000	0.064940
8.500000	0.064914
8.750000	0.064788
9.000000	0.065054
9.250000	0.064289
9.500000	0.064289
9.750000	0.063641
